FILE	DATE	TIME	SITE   	TRANSEC	LAI   	SEL	DIFN	MTA	SEM	SMP
58	20230531	12:52:40	OE2    	1      	4.47	0.21	0.034	49.	5.	6

ANGLES	7.000	23.00	38.00	53.00	68.00
CNTCT#	2.535	2.506	2.652	2.468	1.651
STDDEV	0.511	0.292	0.429	0.344	0.170
DISTS 	1.008	1.087	1.270	1.662	2.670
GAPS  	0.078	0.066	0.034	0.017	0.012

A	  1	12:53:15	30.49	29.88	26.01	25.86	25.59
B	  2	12:53:45	1.133	2.506	1.160	1.147	0.573
B	  3	12:55:22	1.761	1.213	0.593	0.222	0.212
B	  4	12:56:54	3.043	1.368	0.363	0.264	0.146
B	  5	12:58:16	2.175	2.176	0.802	0.301	0.316
B	  6	12:59:19	6.075	2.950	1.798	0.454	0.401
B	  7	13:00:09	2.199	2.120	1.442	0.670	0.409


FILE	DATE	TIME	SITE   	TRANSEC	LAI   	SEL	DIFN	MTA	SEM	SMP
59	20230531	13:03:08	OE2    	2      	4.46	0.33	0.034	48.	5.	6

ANGLES	7.000	23.00	38.00	53.00	68.00
CNTCT#	2.594	2.481	2.602	2.551	1.592
STDDEV	1.333	0.700	0.417	0.368	0.271
DISTS 	1.008	1.087	1.270	1.662	2.670
GAPS  	0.073	0.067	0.037	0.014	0.014

A	  1	13:04:10	30.81	29.93	25.99	25.25	19.50
B	  2	13:05:17	2.017	1.452	0.807	0.186	0.154
B	  3	13:06:28	9.412	2.980	1.571	0.904	0.851
B	  4	13:07:36	7.005	5.135	1.101	0.500	0.471
B	  5	13:09:04	0.289	0.634	0.487	0.209	0.113
B	  6	13:10:17	6.551	4.413	2.071	0.615	0.414
B	  7	13:10:57	0.523	1.084	0.535	0.214	0.161


FILE	DATE	TIME	SITE   	TRANSEC	LAI   	SEL	DIFN	MTA	SEM	SMP
60	20230531	13:14:40	OE2    	3      	3.48	0.15	0.076	56.	5.	6

ANGLES	7.000	23.00	38.00	53.00	68.00
CNTCT#	1.496	1.889	1.969	2.037	1.323
STDDEV	0.297	0.198	0.433	0.253	0.132
DISTS 	1.008	1.087	1.270	1.662	2.670
GAPS  	0.221	0.128	0.082	0.034	0.029

A	  1	13:15:15	32.04	30.73	26.34	26.07	25.38
B	  2	13:15:43	8.014	3.421	1.256	0.920	0.978
B	  3	13:16:36	7.774	4.420	3.144	1.655	1.053
B	  4	13:17:14	6.658	3.581	1.464	0.576	0.517
B	  5	13:18:03	4.039	3.991	4.830	1.409	0.802
B	  6	13:18:53	11.00	2.974	1.128	0.574	0.411
B	  7	13:19:40	6.894	5.852	3.222	0.665	0.954


FILE	DATE	TIME	SITE   	TRANSEC	LAI   	SEL	DIFN	MTA	SEM	SMP
61	20230531	13:21:31	OE2    	4      	3.00	0.44	0.099	47.	3.	6

ANGLES	7.000	23.00	38.00	53.00	68.00
CNTCT#	1.870	1.713	1.664	1.633	1.154
STDDEV	0.712	0.791	0.645	0.565	0.381
DISTS 	1.008	1.087	1.270	1.662	2.670
GAPS  	0.152	0.155	0.121	0.066	0.046

A	  1	13:22:09	32.10	30.90	26.61	25.92	25.31
B	  2	13:22:47	19.80	20.61	14.99	10.01	9.044
B	  3	13:24:52	2.243	8.503	4.044	2.633	1.576
B	  4	13:26:27	3.525	6.649	3.120	1.436	0.916
B	  5	13:28:11	6.097	2.295	1.527	0.916	0.580
B	  6	13:29:14	2.671	1.904	1.156	0.493	0.373
B	  7	13:30:02	5.257	2.399	3.314	1.505	0.876


