FILE	DATE	TIME	SITE   	TRANSEC	LAI   	SEL	DIFN	MTA	SEM	SMP
52	20230519	12:09:36	OE2    	1      	4.01	0.28	0.051	54.	5.	6

ANGLES	7.000	23.00	38.00	53.00	68.00
CNTCT#	1.825	2.258	2.341	2.199	1.569
STDDEV	0.605	0.790	0.442	0.316	0.202
DISTS 	1.008	1.087	1.270	1.662	2.670
GAPS  	0.159	0.086	0.051	0.026	0.015

A	  1	12:11:20	62.48	51.71	32.11	33.92	39.65
B	  2	12:11:52	20.81	11.83	3.129	2.402	1.639
B	  3	12:12:23	5.882	11.72	3.186	0.812	0.683
B	  4	12:13:40	3.858	1.383	0.604	0.425	0.264
B	  5	12:14:22	19.50	4.076	1.513	0.735	0.504
B	  6	12:15:14	12.08	6.153	1.474	0.706	0.557
B	  7	12:15:51	8.594	1.594	1.463	1.056	0.572


FILE	DATE	TIME	SITE   	TRANSEC	LAI   	SEL	DIFN	MTA	SEM	SMP
53	20230519	12:17:08	OE2    	2      	4.18	0.41	0.050	57.	6.	6

ANGLES	7.000	23.00	38.00	53.00	68.00
CNTCT#	1.715	2.163	2.387	2.409	1.651
STDDEV	0.517	0.856	0.646	0.603	0.275
DISTS 	1.008	1.087	1.270	1.662	2.670
GAPS  	0.178	0.095	0.048	0.018	0.012

A	  1	12:17:32	40.34	42.70	37.89	45.69	45.12
B	  2	12:18:08	6.388	1.680	0.663	0.258	0.219
B	  3	12:18:58	17.61	9.477	4.886	2.354	1.459
B	  4	12:19:33	9.940	11.03	3.675	1.161	0.901
B	  5	12:20:17	3.290	1.153	0.725	0.172	0.200
B	  6	12:21:05	5.300	9.834	3.695	1.779	0.828
B	  7	12:21:48	6.930	2.276	1.168	1.556	0.574


FILE	DATE	TIME	SITE   	TRANSEC	LAI   	SEL	DIFN	MTA	SEM	SMP
54	20230519	12:23:04	OE2    	3      	4.04	0.29	0.064	62.	6.	6

ANGLES	7.000	23.00	38.00	53.00	68.00
CNTCT#	1.142	1.972	2.363	2.403	1.610
STDDEV	0.655	0.508	0.483	0.426	0.198
DISTS 	1.008	1.087	1.270	1.662	2.670
GAPS  	0.316	0.117	0.050	0.018	0.014

A	  1	12:23:36	32.67	33.88	35.61	47.94	47.93
B	  2	12:24:25	9.319	4.052	2.318	0.917	0.701
B	  3	12:24:48	7.663	4.481	2.168	1.918	1.189
B	  4	12:25:20	14.13	3.836	1.134	0.525	0.446
B	  5	12:25:53	13.16	3.304	1.575	0.549	0.394
B	  6	12:26:24	3.239	1.612	0.695	0.366	0.370
B	  7	12:26:57	28.22	10.60	4.958	2.557	1.407


FILE	DATE	TIME	SITE   	TRANSEC	LAI   	SEL	DIFN	MTA	SEM	SMP
55	20230519	12:27:48	OE2    	4      	2.91	0.29	0.128	60.	4.	6

ANGLES	7.000	23.00	38.00	53.00	68.00
CNTCT#	1.161	1.272	1.549	1.713	1.278
STDDEV	0.610	0.480	0.388	0.542	0.228
DISTS 	1.008	1.087	1.270	1.662	2.670
GAPS  	0.310	0.251	0.140	0.058	0.033

A	  1	12:28:07	31.94	32.41	32.59	44.72	39.22
B	  2	12:28:32	19.39	16.30	9.567	8.714	2.811
B	  3	12:29:57	8.741	9.503	4.500	8.041	2.515
B	  4	12:30:27	9.647	4.616	2.902	1.203	0.724
B	  5	12:31:02	19.41	11.80	3.646	1.888	1.346
B	  6	12:31:28	9.597	3.642	2.508	0.785	0.519
B	  7	12:32:12	3.103	9.392	7.852	2.439	1.306


