FILE	DATE	TIME	SITE   	TRANSEC	LAI   	SEL	DIFN	MTA	SEM	SMP
78	20230711	11:50:12	OE2    	1      	2.34	0.23	0.176	59.	4.	6

ANGLES	7.000	23.00	38.00	53.00	68.00
CNTCT#	0.942	1.144	1.296	1.308	1.014
STDDEV	0.477	0.494	0.357	0.296	0.170
DISTS 	1.008	1.087	1.270	1.662	2.670
GAPS  	0.387	0.288	0.193	0.114	0.067

A	  1	11:50:52	23.80	24.27	22.15	22.80	23.32
B	  2	11:52:40	14.97	13.50	10.19	5.247	3.060
B	  3	11:54:15	4.769	2.462	2.374	1.206	1.016
B	  4	11:56:08	16.06	9.986	4.938	2.958	1.905
B	  5	11:57:20	5.239	5.627	3.241	1.590	0.757
B	  6	11:58:28	12.22	7.695	3.565	2.881	1.697
B	  7	11:59:25	8.314	8.175	4.413	3.545	1.873


FILE	DATE	TIME	SITE   	TRANSEC	LAI   	SEL	DIFN	MTA	SEM	SMP
79	20230711	12:05:44	OE2    	2      	2.60	0.15	0.152	61.	5.	6

ANGLES	7.000	23.00	38.00	53.00	68.00
CNTCT#	0.945	1.172	1.536	1.447	1.123
STDDEV	0.203	0.357	0.308	0.226	0.136
DISTS 	1.008	1.087	1.270	1.662	2.670
GAPS  	0.386	0.280	0.142	0.090	0.050

A	  1	12:06:09	24.75	24.91	22.22	22.45	22.82
B	  2	12:07:14	7.725	11.16	5.960	2.723	1.844
B	  3	12:09:29	8.001	7.043	2.969	2.974	1.645
B	  4	12:10:55	10.07	10.78	4.393	2.291	1.250
B	  5	12:12:32	11.46	3.544	1.738	1.836	0.757
B	  6	12:12:35	13.26	5.924	2.808	2.156	1.084
B	  7	12:13:34	8.011	6.430	2.627	0.942	0.697


FILE	DATE	TIME	SITE   	TRANSEC	LAI   	SEL	DIFN	MTA	SEM	SMP
80	20230711	12:18:39	OE2    	3      	1.98	0.09	0.233	59.	3.	6

ANGLES	7.000	23.00	38.00	53.00	68.00
CNTCT#	0.916	0.874	1.012	1.137	0.902
STDDEV	0.262	0.285	0.196	0.225	0.090
DISTS 	1.008	1.087	1.270	1.662	2.670
GAPS  	0.397	0.387	0.277	0.151	0.090

A	  1	12:19:00	24.30	24.46	21.89	22.53	23.81
B	  2	12:19:33	7.089	9.926	7.674	5.660	2.832
B	  3	12:20:17	9.454	8.976	8.688	4.766	2.926
B	  4	12:21:00	15.66	9.253	5.990	2.193	1.860
B	  5	12:21:58	7.271	5.213	4.109	4.356	2.247
B	  6	12:22:48	10.39	14.37	6.003	2.397	1.890
B	  7	12:22:51	10.17	11.59	5.015	2.512	1.485


FILE	DATE	TIME	SITE   	TRANSEC	LAI   	SEL	DIFN	MTA	SEM	SMP
81	20230711	12:26:36	OE2    	4      	2.08	0.24	0.209	54.	3.	6

ANGLES	7.000	23.00	38.00	53.00	68.00
CNTCT#	1.132	1.026	1.047	1.194	0.900
STDDEV	0.503	0.336	0.353	0.387	0.220
DISTS 	1.008	1.087	1.270	1.662	2.670
GAPS  	0.320	0.328	0.265	0.137	0.091

A	  1	12:27:02	24.81	25.25	22.59	22.88	22.95
B	  2	12:27:32	9.828	8.202	7.407	4.579	2.970
B	  3	12:28:05	6.863	6.435	10.79	6.900	4.866
B	  4	12:28:39	12.32	13.24	6.081	3.781	2.446
B	  5	12:29:14	15.86	13.66	8.475	4.584	2.417
B	  6	12:30:14	5.282	5.369	3.351	1.116	0.906
B	  7	12:31:13	3.572	6.261	3.305	1.581	1.039


