FILE	DATE	TIME	SITE   	TRANSEC	LAI   	SEL	DIFN	MTA	SEM	SMP
32	20230404	12:20:45	OE2    	1      	1.67	0.30	0.300	60.	3.	6

ANGLES	7.000	23.00	38.00	53.00	68.00
CNTCT#	0.768	0.717	0.711	0.982	0.829
STDDEV	0.490	0.628	0.466	0.468	0.240
DISTS 	1.008	1.087	1.270	1.662	2.670
GAPS  	0.461	0.459	0.405	0.196	0.109

A	  1	12:21:21	14.28	16.00	16.25	19.06	21.96
B	  2	12:21:41	9.029	14.03	11.85	8.338	5.256
B	  3	12:22:38	5.844	6.304	5.326	1.255	0.839
B	  4	12:23:37	2.734	11.64	11.86	8.264	2.789
B	  5	12:23:56	9.121	1.768	2.702	1.507	1.294
B	  6	12:24:19	5.020	8.788	3.725	3.166	2.852
B	  7	12:24:40	12.37	9.789	10.82	6.495	4.216


FILE	DATE	TIME	SITE   	TRANSEC	LAI   	SEL	DIFN	MTA	SEM	SMP
33	20230404	12:25:59	OE2    	2      	2.03	0.26	0.218	58.	4.	6

ANGLES	7.000	23.00	38.00	53.00	68.00
CNTCT#	0.861	0.971	1.158	1.101	0.889
STDDEV	0.668	0.377	0.564	0.452	0.193
DISTS 	1.008	1.087	1.270	1.662	2.670
GAPS  	0.420	0.348	0.230	0.160	0.093

A	  1	12:26:23	15.39	16.75	16.70	18.83	21.01
B	  2	12:26:34	12.82	9.361	6.070	1.954	1.147
B	  3	12:27:10	5.424	8.484	7.120	7.623	2.729
B	  4	12:27:30	9.201	5.234	7.801	8.100	4.893
B	  5	12:27:58	6.326	7.125	4.318	1.923	1.165
B	  6	12:28:29	10.77	4.779	1.959	3.169	2.135
B	  7	12:28:57	1.666	2.777	1.122	1.029	1.466


FILE	DATE	TIME	SITE   	TRANSEC	LAI   	SEL	DIFN	MTA	SEM	SMP
34	20230404	12:31:17	OE2    	3      	1.46	0.30	0.350	63.	2.	6

ANGLES	7.000	23.00	38.00	53.00	68.00
CNTCT#	0.536	0.502	0.793	0.753	0.782
STDDEV	0.468	0.385	0.547	0.417	0.292
DISTS 	1.008	1.087	1.270	1.662	2.670
GAPS  	0.582	0.579	0.365	0.286	0.124

A	  1	12:31:49	15.01	16.32	16.18	18.40	20.75
B	  2	12:31:58	11.75	15.77	11.69	11.62	5.995
B	  3	12:32:24	3.132	4.416	2.184	2.448	1.088
B	  4	12:32:46	9.493	10.77	3.761	1.968	1.145
B	  5	12:33:12	9.231	7.414	3.337	5.293	3.501
B	  6	12:33:32	12.51	9.413	10.66	5.925	1.481
B	  7	12:33:57	11.06	13.67	12.49	12.09	7.457


FILE	DATE	TIME	SITE   	TRANSEC	LAI   	SEL	DIFN	MTA	SEM	SMP
35	20230404	12:36:51	OE2    	4      	2.42	0.30	0.153	49.	10.	6

ANGLES	7.000	23.00	38.00	53.00	68.00
CNTCT#	1.062	1.907	1.223	1.253	0.919
STDDEV	0.629	0.612	0.480	0.527	0.327
DISTS 	1.008	1.087	1.270	1.662	2.670
GAPS  	0.343	0.126	0.212	0.125	0.086

A	  1	12:37:28	14.70	16.29	16.44	19.28	22.33
B	  2	12:37:43	11.37	6.230	6.237	7.333	7.033
B	  3	12:38:12	5.178	0.924	1.008	1.746	0.966
B	  4	12:38:37	2.462	2.964	2.803	0.613	1.493
B	  5	12:39:23	11.96	1.499	5.365	5.099	5.385
B	  6	12:39:42	2.998	1.040	3.859	4.140	1.430
B	  7	12:40:20	3.162	2.785	4.850	1.166	0.639


