FILE	DATE	TIME	SITE   	TRANSEC	LAI   	SEL	DIFN	MTA	SEM	SMP
48	20230505	11:18:21	OE2    	1      	3.56	0.35	0.088	59.	6.	6

ANGLES	7.000	23.00	38.00	53.00	68.00
CNTCT#	1.631	1.338	2.085	2.136	1.480
STDDEV	0.820	0.454	0.682	0.513	0.244
DISTS 	1.008	1.087	1.270	1.662	2.670
GAPS  	0.193	0.234	0.071	0.029	0.019

A	  1	11:20:48	35.14	33.57	35.97	37.75	35.74
B	  2	11:21:20	22.42	16.59	10.74	5.572	2.587
B	  3	11:22:45	7.745	13.92	5.391	1.277	0.861
B	  4	11:23:24	1.473	7.204	2.080	0.531	0.411
B	  5	11:24:00	10.15	4.478	0.800	0.373	0.375
B	  6	11:24:35	8.010	6.172	1.295	1.139	0.520
B	  7	11:25:05	4.699	5.064	2.184	1.011	0.593


FILE	DATE	TIME	SITE   	TRANSEC	LAI   	SEL	DIFN	MTA	SEM	SMP
49	20230505	11:26:39	OE2    	2      	4.02	0.24	0.058	59.	8.	6

ANGLES	7.000	23.00	38.00	53.00	68.00
CNTCT#	1.340	2.090	2.438	2.321	1.540
STDDEV	0.764	0.603	0.475	0.341	0.181
DISTS 	1.008	1.087	1.270	1.662	2.670
GAPS  	0.259	0.103	0.045	0.021	0.016

A	  1	11:27:01	37.48	37.25	35.67	36.86	35.34
B	  2	11:27:18	12.88	1.596	0.805	0.390	0.276
B	  3	11:28:10	8.618	6.559	3.161	1.283	0.999
B	  4	11:28:40	1.941	4.761	2.599	0.694	0.517
B	  5	11:29:26	14.82	4.341	1.229	0.436	0.357
B	  6	11:30:24	21.66	9.071	2.910	1.954	0.895
B	  7	11:31:07	12.15	1.640	0.743	0.753	0.825


FILE	DATE	TIME	SITE   	TRANSEC	LAI   	SEL	DIFN	MTA	SEM	SMP
50	20230505	11:33:09	OE2    	3      	3.27	0.27	0.103	62.	5.	6

ANGLES	7.000	23.00	38.00	53.00	68.00
CNTCT#	0.958	1.472	1.971	1.871	1.377
STDDEV	0.508	0.366	0.532	0.523	0.187
DISTS 	1.008	1.087	1.270	1.662	2.670
GAPS  	0.381	0.202	0.082	0.045	0.025

A	  1	11:33:20	33.60	35.60	34.33	35.76	34.22
B	  2	11:33:35	21.53	10.84	5.514	2.932	1.454
B	  3	11:34:28	6.794	5.248	5.555	6.080	1.784
B	  4	11:35:13	13.29	3.798	0.981	0.473	0.413
B	  5	11:35:48	11.88	9.976	2.634	1.406	0.753
B	  6	11:36:35	26.74	6.116	1.395	0.655	0.592
B	  7	11:37:05	7.089	10.46	4.464	2.130	0.881


FILE	DATE	TIME	SITE   	TRANSEC	LAI   	SEL	DIFN	MTA	SEM	SMP
51	20230505	11:38:13	OE2    	4      	2.67	0.33	0.150	62.	4.	6

ANGLES	7.000	23.00	38.00	53.00	68.00
CNTCT#	0.852	1.156	1.541	1.552	1.155
STDDEV	0.470	0.682	0.660	0.426	0.234
DISTS 	1.008	1.087	1.270	1.662	2.670
GAPS  	0.424	0.285	0.141	0.076	0.046

A	  1	11:38:42	33.31	35.63	34.22	33.95	33.95
B	  2	11:38:57	10.98	21.59	12.73	5.458	2.569
B	  3	11:39:26	27.15	10.27	11.19	4.024	3.229
B	  4	11:40:05	23.79	23.51	8.424	2.517	1.712
B	  5	11:40:37	16.15	12.07	3.670	3.788	1.662
B	  6	11:41:01	8.206	2.654	1.812	0.610	0.453
B	  7	11:42:07	8.394	6.510	1.597	2.285	1.321


