FILE	DATE	TIME	SITE   	TRANSEC	LAI   	SEL	DIFN	MTA	SEM	SMP
40	20230421	11:19:16	OE2    	1      	2.82	0.38	0.128	60.	7.	5

ANGLES	7.000	23.00	38.00	53.00	68.00
CNTCT#	0.900	1.449	1.582	1.708	1.090
STDDEV	0.516	0.795	0.455	0.511	0.235
DISTS 	1.008	1.087	1.270	1.662	2.670
GAPS  	0.404	0.207	0.134	0.058	0.054

A	  1	11:21:13	35.92	42.99	40.30	35.07	26.09
B	  2	11:22:18	32.26	31.12	11.71	5.320	3.439
B	  3	11:24:17	10.15	8.260	5.459	2.993	1.992
B	  4	11:25:09	12.59	2.340	2.345	0.420	0.535
B	  5	11:26:10	19.36	12.54	7.751	36.99	1.125
B	  6	11:27:56	20.75	14.74	8.553	2.258	1.557
B	  7	11:28:34	7.492	6.287	3.593	2.401	1.010


FILE	DATE	TIME	SITE   	TRANSEC	LAI   	SEL	DIFN	MTA	SEM	SMP
42	20230421	11:35:55	OE2    	2      	2.59	0.35	0.160	63.	6.	6

ANGLES	7.000	23.00	38.00	53.00	68.00
CNTCT#	0.650	1.263	1.328	1.674	1.044
STDDEV	0.282	0.702	0.547	0.494	0.270
DISTS 	1.008	1.087	1.270	1.662	2.670
GAPS  	0.519	0.253	0.185	0.062	0.062

A	  1	11:36:13	37.91	44.44	41.49	34.81	26.28
B	  2	11:36:34	13.22	3.001	2.523	1.123	0.588
B	  3	11:36:58	30.43	26.41	22.48	9.292	5.716
B	  4	11:37:29	15.41	24.84	9.814	4.583	2.535
B	  5	11:38:12	22.50	12.03	9.358	1.461	1.102
B	  6	11:38:40	17.28	6.234	4.190	1.001	1.113
B	  7	11:39:21	24.13	13.80	9.403	1.425	1.732


FILE	DATE	TIME	SITE   	TRANSEC	LAI   	SEL	DIFN	MTA	SEM	SMP
43	20230421	11:40:50	OE2    	3      	2.09	0.18	0.239	65.	3.	4

ANGLES	7.000	23.00	38.00	53.00	68.00
CNTCT#	0.618	0.666	1.122	1.295	0.976
STDDEV	0.496	0.142	0.369	0.186	0.150
DISTS 	1.008	1.087	1.270	1.662	2.670
GAPS  	0.537	0.485	0.241	0.116	0.074

A	  1	11:41:31	45.03	53.29	53.06	48.92	36.85
B	  2	11:41:47	20.22	22.92	8.017	3.548	1.655
B	  3	11:42:24	11.68	32.81	23.11	8.115	5.048
B	  4	11:43:26	48.58	45.92	23.71	6.274	3.548
B	  5	11:43:53	33.61	22.18	8.116	5.353	2.521
B	  6	11:44:27	45.70	24.98	4.694	1.570	1.475
B	  7	11:44:55	42.93	26.71	17.65	6.766	2.591


FILE	DATE	TIME	SITE   	TRANSEC	LAI   	SEL	DIFN	MTA	SEM	SMP
44	20230421	11:46:00	OE2    	4      	2.11	0.46	0.220	63.	4.	6

ANGLES	7.000	23.00	38.00	53.00	68.00
CNTCT#	0.554	0.949	1.077	1.333	0.908
STDDEV	0.326	0.774	0.629	0.749	0.389
DISTS 	1.008	1.087	1.270	1.662	2.670
GAPS  	0.572	0.356	0.255	0.109	0.088

A	  1	11:46:32	52.04	57.52	53.37	50.36	39.27
B	  2	11:46:51	42.32	29.51	13.91	10.47	4.947
B	  3	11:47:25	46.98	41.34	27.68	17.44	10.61
B	  4	11:47:56	20.39	14.65	7.172	2.139	1.282
B	  5	11:48:25	33.97	33.62	14.15	3.694	2.676
B	  6	11:48:51	22.05	3.618	3.811	0.729	0.756
B	  7	11:49:25	22.98	34.19	42.34	26.14	12.91


