FILE	DATE	TIME	SITE   	TRANSEC	LAI   	SEL	DIFN	MTA	SEM	SMP
36	20230414	10:48:56	OE2    	1      	2.51	0.42	0.161	61.	5.	6

ANGLES	7.000	23.00	38.00	53.00	68.00
CNTCT#	0.757	1.284	1.409	1.373	1.105
STDDEV	0.518	0.625	0.734	0.567	0.361
DISTS 	1.008	1.087	1.270	1.662	2.670
GAPS  	0.466	0.248	0.167	0.102	0.052

A	  1	10:49:41	23.18	26.21	27.39	39.14	36.41
B	  2	10:51:55	20.33	23.91	20.57	18.50	9.901
B	  3	10:52:45	6.914	5.538	6.603	3.368	3.132
B	  4	10:53:19	5.874	2.353	1.125	1.387	0.537
B	  5	10:53:47	6.642	6.756	4.213	3.114	1.157
B	  6	10:54:12	15.69	6.114	2.029	1.520	0.870
B	  7	10:54:34	18.54	5.812	7.042	9.948	2.839


FILE	DATE	TIME	SITE   	TRANSEC	LAI   	SEL	DIFN	MTA	SEM	SMP
37	20230414	10:59:20	OE2    	2      	3.01	0.43	0.112	59.	6.	6

ANGLES	7.000	23.00	38.00	53.00	68.00
CNTCT#	1.144	1.537	1.631	1.797	1.208
STDDEV	0.586	0.616	0.739	0.714	0.304
DISTS 	1.008	1.087	1.270	1.662	2.670
GAPS  	0.316	0.188	0.126	0.050	0.040

A	  1	10:59:50	23.37	24.97	35.49	46.90	35.30
B	  2	11:00:12	10.13	2.771	1.778	0.736	0.737
B	  3	11:00:31	15.39	5.112	13.01	14.60	4.889
B	  4	11:01:11	6.614	7.572	8.338	4.173	1.670
B	  5	11:01:34	10.81	12.87	12.49	6.083	3.170
B	  6	11:02:13	2.410	1.602	2.556	1.108	0.593
B	  7	11:02:44	5.984	4.854	1.296	0.579	0.676


FILE	DATE	TIME	SITE   	TRANSEC	LAI   	SEL	DIFN	MTA	SEM	SMP
38	20230414	11:04:27	OE2    	3      	2.11	0.29	0.232	66.	4.	6

ANGLES	7.000	23.00	38.00	53.00	68.00
CNTCT#	0.477	0.833	1.060	1.311	0.983
STDDEV	0.347	0.634	0.491	0.428	0.202
DISTS 	1.008	1.087	1.270	1.662	2.670
GAPS  	0.618	0.404	0.260	0.113	0.072

A	  1	11:04:52	24.41	26.45	39.33	47.11	36.43
B	  2	11:05:06	21.62	18.29	21.67	10.01	4.848
B	  3	11:05:26	8.368	6.173	5.139	2.896	1.224
B	  4	11:05:42	20.89	22.01	26.09	18.90	4.984
B	  5	11:05:57	17.92	3.432	5.879	3.703	1.767
B	  6	11:06:12	10.74	8.685	7.505	4.254	1.833
B	  7	11:06:31	16.21	20.19	8.946	2.659	3.535


FILE	DATE	TIME	SITE   	TRANSEC	LAI   	SEL	DIFN	MTA	SEM	SMP
39	20230414	11:07:16	OE2    	4      	1.65	0.35	0.281	59.	8.	6

ANGLES	7.000	23.00	38.00	53.00	68.00
CNTCT#	0.503	1.013	0.900	0.896	0.691
STDDEV	0.530	0.492	0.597	0.564	0.349
DISTS 	1.008	1.087	1.270	1.662	2.670
GAPS  	0.602	0.333	0.319	0.226	0.158

A	  1	11:07:52	25.20	32.23	48.40	49.51	39.06
B	  2	11:08:06	24.61	21.02	45.15	43.63	28.53
B	  3	11:08:24	10.84	13.30	36.50	35.42	14.38
B	  4	11:08:44	5.354	13.08	8.277	3.732	2.190
B	  5	11:08:59	22.13	14.37	14.43	9.671	3.308
B	  6	11:09:16	19.24	4.135	12.91	5.076	2.693
B	  7	11:09:33	20.12	6.975	5.335	6.857	6.899


