FILE	DATE	TIME	SITE   	TRANSEC	LAI   	SEL	DIFN	MTA	SEM	SMP
72	20230619	11:24:59	OE2    	1      	3.72	0.30	0.061	53.	5.	6

ANGLES	7.000	23.00	38.00	53.00	68.00
CNTCT#	1.872	2.009	2.173	2.092	1.410
STDDEV	0.572	0.418	0.433	0.419	0.276
DISTS 	1.008	1.087	1.270	1.662	2.670
GAPS  	0.152	0.113	0.063	0.031	0.023

A	  1	11:26:39	29.26	27.71	24.76	23.97	22.32
B	  2	11:26:58	5.789	6.918	3.493	2.064	1.374
B	  3	11:28:41	4.563	2.496	1.043	0.384	0.242
B	  4	11:29:58	1.455	1.998	0.645	0.338	0.244
B	  5	11:30:55	6.651	3.913	1.771	0.776	0.503
B	  6	11:32:21	3.429	1.842	1.459	0.484	0.338
B	  7	11:33:00	8.687	3.703	2.441	1.642	1.388


FILE	DATE	TIME	SITE   	TRANSEC	LAI   	SEL	DIFN	MTA	SEM	SMP
73	20230619	11:36:02	OE2    	2      	4.22	0.31	0.039	49.	7.	6

ANGLES	7.000	23.00	38.00	53.00	68.00
CNTCT#	2.118	2.655	2.529	2.317	1.468
STDDEV	0.458	0.532	0.530	0.518	0.257
DISTS 	1.008	1.087	1.270	1.662	2.670
GAPS  	0.118	0.056	0.040	0.021	0.020

A	  1	11:36:51	31.61	29.51	26.55	24.59	17.46
B	  2	11:37:17	3.855	3.182	1.506	0.608	0.369
B	  3	11:38:37	7.642	3.012	2.034	1.274	0.766
B	  4	11:40:40	1.773	0.705	0.341	0.167	0.139
B	  5	11:41:33	5.159	1.396	0.542	0.209	0.157
B	  6	11:42:38	3.749	2.316	1.340	0.432	0.344
B	  7	11:43:22	2.707	0.913	1.968	1.745	0.812


FILE	DATE	TIME	SITE   	TRANSEC	LAI   	SEL	DIFN	MTA	SEM	SMP
74	20230619	11:46:30	OE2    	3      	3.29	0.43	0.082	52.	5.	6

ANGLES	7.000	23.00	38.00	53.00	68.00
CNTCT#	1.686	1.882	1.880	1.776	1.289
STDDEV	1.071	0.816	0.745	0.513	0.262
DISTS 	1.008	1.087	1.270	1.662	2.670
GAPS  	0.183	0.129	0.092	0.052	0.032

A	  1	11:47:14	32.42	29.86	26.84	28.44	27.59
B	  2	11:47:26	26.14	15.51	8.966	4.959	2.669
B	  3	11:48:10	18.09	4.909	3.664	1.886	1.231
B	  4	11:48:49	1.707	0.790	0.447	0.340	0.280
B	  5	11:49:33	1.543	4.374	1.980	1.012	0.784
B	  6	11:50:18	7.966	2.619	1.644	1.141	0.570
B	  7	11:51:10	4.376	4.802	4.713	2.935	1.159


FILE	DATE	TIME	SITE   	TRANSEC	LAI   	SEL	DIFN	MTA	SEM	SMP
75	20230619	11:55:12	OE2    	4      	2.99	0.21	0.103	50.	4.	6

ANGLES	7.000	23.00	38.00	53.00	68.00
CNTCT#	1.784	1.552	1.755	1.571	1.220
STDDEV	0.379	0.269	0.431	0.304	0.201
DISTS 	1.008	1.087	1.270	1.662	2.670
GAPS  	0.166	0.185	0.108	0.073	0.039

A	  1	11:55:45	33.74	31.98	28.71	29.39	29.89
B	  2	11:56:55	5.118	4.134	2.928	2.339	0.981
B	  3	11:57:39	10.28	5.809	7.490	5.776	3.037
B	  4	11:58:12	3.630	4.143	1.286	1.126	0.514
B	  5	11:58:50	8.137	7.844	2.518	1.778	1.240
B	  6	11:59:28	5.250	9.002	2.628	1.603	0.876
B	  7	11:59:56	3.726	6.117	4.687	2.332	1.404


