FILE	DATE	TIME	SITE   	TRANSEC	LAI   	SEL	DIFN	MTA	SEM	SMP
26	20230317	15:35:07	OE2    	1      	0.96	0.31	0.466	44.	2.	5

ANGLES	7.000	23.00	38.00	53.00	68.00
CNTCT#	0.657	0.619	0.491	0.500	0.381
STDDEV	0.927	0.461	0.484	0.452	0.218
DISTS 	1.008	1.087	1.270	1.662	2.670
GAPS  	0.516	0.511	0.536	0.436	0.362

A	  1	15:35:28	33.71	35.38	30.76	36.92	36.23
B	  2	15:35:42	27.45	32.49	27.52	26.97	17.27
B	  3	15:36:07	30.68	31.01	21.25	23.98	11.40
B	  4	15:36:26	24.37	8.937	5.120	3.613	4.459
B	  5	15:36:51	28.65	16.64	25.57	21.93	21.13
B	  6	15:37:12	28.79	23.42	32.00	30.77	21.90
B	  7	15:37:39	2.698	12.83	15.96	21.00	20.83


FILE	DATE	TIME	SITE   	TRANSEC	LAI   	SEL	DIFN	MTA	SEM	SMP
27	20230317	15:39:04	OE2    	2      	0.85	0.18	0.548	82.	15.	5

ANGLES	7.000	23.00	38.00	53.00	68.00
CNTCT#	0.209	0.186	0.306	0.581	0.485
STDDEV	0.100	0.129	0.225	0.383	0.183
DISTS 	1.008	1.087	1.270	1.662	2.670
GAPS  	0.810	0.817	0.678	0.381	0.274

A	  1	15:39:29	28.02	31.71	31.30	37.15	34.35
B	  2	15:39:50	25.57	30.64	20.29	10.93	5.183
B	  3	15:40:10	26.97	34.58	33.59	32.27	25.30
B	  4	15:40:39	24.02	30.36	30.32	28.53	15.40
B	  5	15:41:04	19.74	21.73	14.26	13.30	5.527
B	  6	15:41:36	24.24	23.24	17.41	5.070	10.14
B	  7	15:41:55	20.53	24.83	28.26	26.94	16.41


FILE	DATE	TIME	SITE   	TRANSEC	LAI   	SEL	DIFN	MTA	SEM	SMP
28	20230317	15:42:37	OE2    	3      	0.91	0.12	0.524	90.	3.	2

ANGLES	7.000	23.00	38.00	53.00	68.00
CNTCT#	0.023	0.223	0.437	0.573	0.510
STDDEV	9.5e-003	0.117	0.128	8.9e-003	0.124
DISTS 	1.008	1.087	1.270	1.662	2.670
GAPS  	0.977	0.785	0.574	0.386	0.256

A	  1	15:42:58	30.42	29.33	30.35	34.18	34.14
B	  2	15:43:11	29.45	26.14	20.48	13.39	12.17
B	  3	15:43:57	30.02	20.27	14.81	13.00	6.290
B	  4	15:44:18	32.73	31.68	27.02	33.71	33.19
B	  5	15:44:46	32.08	20.13	10.95	21.48	18.72
B	  6	15:45:24	29.54	30.06	22.32	14.94	6.892
B	  7	15:45:49	31.74	11.01	12.10	11.99	4.683


FILE	DATE	TIME	SITE   	TRANSEC	LAI   	SEL	DIFN	MTA	SEM	SMP
29	20230317	15:46:35	OE2    	4      	0.84	0.02	0.514	43.	8.	2

ANGLES	7.000	23.00	38.00	53.00	68.00
CNTCT#	0.616	0.434	0.660	0.342	0.316
STDDEV	0.517	0.100	0.116	0.032	0.034
DISTS 	1.008	1.087	1.270	1.662	2.670
GAPS  	0.537	0.624	0.433	0.567	0.430

A	  1	15:46:56	35.88	39.08	34.50	31.75	33.66
B	  2	15:47:17	32.45	21.87	12.88	17.07	15.83
B	  3	15:47:51	35.03	40.06	34.93	27.82	25.98
B	  4	15:48:12	11.45	27.20	17.30	18.97	13.22
B	  5	15:48:32	20.00	39.53	33.96	22.24	17.13
B	  6	15:48:55	35.29	39.00	35.20	13.70	14.72
B	  7	15:49:28	36.17	38.84	29.80	14.88	9.677


