 FILE  DATE   TIME      SITE     TR         LAI    SEL   DIFN   MTA    SEM SMP
   37  13 JUL 10:31:23  OE2      A         2.96   0.42  0.099    56      4  10

ANGLES 7.000  23.00  38.00  53.00  68.00
CNTCT# 1.465  1.525  1.823  1.720  1.259
STDDEV 0.831  1.103  0.986  0.792  0.434
DISTS  1.008  1.087  1.270  1.662  2.670
GAPS   0.229  0.191  0.100  0.058  0.035

A  1 10:32:48  32.02  33.25  32.43  36.20  40.78
B  2 10:33:15  1.747  0.484  0.396  0.345  0.469
A  3 10:33:42  31.98  33.29  32.51  36.30  40.92
B  4 10:34:03  1.791  6.017  1.139  0.442  0.443
A  5 10:34:52  32.12  33.40  32.56  36.27  41.12
B  6 10:35:08  20.33  16.51  6.473  3.369  2.099
A  7 10:35:50  32.25  33.49  32.56  36.31  41.09
B  8 10:36:00  3.983  1.076  0.664  0.374  0.321
A  9 10:36:48  32.29  33.51  32.64  36.38  41.24
B 10 10:37:00  9.927  16.12  12.22  4.790  3.117
A 11 10:37:28  32.38  33.54  32.69  36.41  41.75
B 12 10:37:40  6.210  10.96  3.549  2.146  0.954
A 13 10:38:22  32.45  33.64  32.76  36.34  41.62
B 14 10:38:32  13.90  10.63  3.475  3.786  2.212
A 15 10:39:08  32.58  33.67  32.83  36.43  41.98
B 16 10:39:23  10.65  25.01  27.33  27.09  19.14
A 17 10:40:03  32.23  33.80  32.92  36.50  41.98
B 18 10:40:18  12.92  4.449  2.110  1.557  0.775
A 19 10:40:49  32.74  33.89  32.63  36.40  42.30
B 20 10:41:03  16.14  10.74  7.436  5.049  2.848
