 FILE  DATE   TIME      SITE     TR         LAI    SEL   DIFN   MTA    SEM SMP
   45  08 AUG 10:53:03  OE2      A         5.42   0.31  0.012    45      3  10

ANGLES 7.000  23.00  38.00  53.00  68.00
CNTCT# 3.610  3.571  3.495  2.959  2.105
STDDEV 1.482  0.708  0.939  0.521  0.303
DISTS  1.008  1.087  1.270  1.662  2.670
GAPS   0.027  0.021  0.012  7.3E-03  3.6E-03

A  1 10:54:23  34.68  33.02  32.84  37.87  42.17
B  2 10:55:02  1.419  1.684  0.761  0.619  0.214
A  3 10:56:01  34.68  33.15  32.98  38.14  42.86
B  4 10:56:22  0.175  0.389  0.282  0.327  0.222
A  5 10:56:56  34.73  33.20  32.94  37.80  42.54
B  6 10:57:14  1.325  0.470  0.258  0.144  0.091
A  7 10:57:46  34.82  33.28  32.94  37.60  41.94
B  8 10:58:18  11.27  0.438  0.665  0.215  0.137
A  9 10:59:01  35.21  33.52  33.11  37.79  43.15
B 10 10:59:20  4.511  1.750  0.725  0.362  0.278
A 11 10:59:47  35.08  33.38  32.99  37.78  43.17
B 12 11:00:06  0.127  0.420  0.144  0.317  0.093
A 13 11:00:34  35.34  33.43  32.94  37.84  42.92
B 14 11:00:58  0.115  0.259  0.065  0.036  0.035
A 15 11:01:27  35.10  33.27  33.07  37.70  42.57
B 16 11:01:43  1.253  0.310  0.100  0.236  0.078
A 17 11:02:07  35.25  33.29  33.11  37.79  43.13
B 18 11:02:19  0.475  1.639  0.723  0.448  0.284
A 19 11:02:47  35.16  33.12  33.05  37.33  42.23
B 20 11:03:04  3.135  1.825  4.779  1.002  0.702